PROMEDIO=2.301250
MINIMO=2.285215
MAXIMO=2.319687
TIEMPOS=2.319687,2.302013,2.299505,2.299830,2.285215
