PROMEDIO=12.216455
MINIMO=12.203203
MAXIMO=12.222992
TIEMPOS=12.220358,12.203203,12.214850,12.222992,12.220871
